task: 1  err: 55.3900900901 +- 0.300036681262
task: 2  err: 56.9785714286 +- 0.677937628997
task: 3  err: 60.8133333333 +- 0.242362545901
task: 4  err: 58.4985 +- 0.381712853311
