task: 1  err: 81.8588990826 +- 1.64627067737
task: 2  err: 78.4712244898 +- 2.99185048348
task: 3  err: 80.4445794393 +- 1.70686058835
task: 4  err: 81.6916455696 +- 1.77708003228
