arguments: 26 21 2 -0.000865052 -0.0856401 -0.567474 -0.346021
loading features...

Initializing gridworld of size 28 by 22..
    Num states: 616
    Num actions: 8
recovered reward
-0.35, -0.35, -0.35, -0.35, -0.35, -0.35, -0.35, -0.35, -0.35, -0.35, -0.35, -0.35, -0.35, -0.35, -0.35, -0.37, -0.39, -0.37, -0.35, -0.35, -0.35, -0.35, -0.35, -0.35, -0.35, -0.35, -0.35, -0.35, 
-0.35, -0.35, -0.35, -0.35, -0.35, -0.35, -0.35, -0.35, -0.35, -0.80, -0.35, -0.35, -0.86, -0.35, -0.35, -0.39, -0.43, -0.39, -0.35, -0.35, -0.35, -0.35, -0.35, -0.37, -0.39, -1.84, -0.35, -0.35, 
-0.35, -0.35, -0.35, -0.35, -0.35, -0.35, -0.35, -0.35, -0.35, -0.35, -0.35, -0.35, -0.35, -0.35, -0.35, -0.37, -0.96, -0.37, -0.35, -0.35, -0.35, -0.35, -0.37, -0.39, -0.43, -0.39, -0.35, -0.35, 
-0.35, -0.35, -0.35, -0.35, -0.35, -0.35, -0.35, -0.74, -0.35, -0.35, -0.35, -0.35, -0.35, -0.35, -0.35, -0.35, -0.35, -0.35, -0.35, -0.35, -0.35, -0.35, -0.39, -0.37, -0.39, -0.37, -0.35, -0.35, 
-0.35, -0.35, -0.35, -0.35, -0.35, -0.37, -0.73, -0.37, -0.35, -0.37, -0.39, -0.37, -0.35, -0.35, -0.35, -0.35, -0.35, -0.35, -0.35, -0.35, -0.35, -0.35, -0.37, -0.39, -0.37, -1.76, -0.35, -0.35, 
-0.35, -0.35, -0.35, -0.35, -0.35, -0.39, -0.43, -0.39, -0.35, -0.39, -0.43, -0.39, -0.35, -0.35, -0.35, -0.35, -0.97, -0.35, -0.35, -0.35, -0.35, -0.35, -0.35, -0.35, -0.35, -0.35, -0.35, -0.35, 
-0.35, -0.35, -0.35, -0.35, -0.63, -0.37, -0.39, -0.37, -0.35, -0.37, -0.39, -0.37, -0.35, -0.35, -1.03, -0.35, -0.37, -0.39, -0.37, -0.35, -0.35, -0.35, -0.35, -0.35, -0.35, -0.35, -0.35, -0.35, 
-0.35, -0.35, -0.35, -0.35, -0.35, -0.35, -0.35, -0.35, -0.35, -0.35, -0.35, -0.35, -0.35, -0.35, -0.35, -0.35, -0.39, -0.43, -0.39, -0.35, -0.35, -0.35, -0.35, -1.71, -0.37, -0.39, -0.37, -0.35, 
-0.35, -0.35, -0.35, -0.35, -0.35, -0.35, -0.35, -0.35, -0.35, -0.35, -0.35, -0.35, -0.35, -0.35, -0.35, -0.35, -0.37, -0.39, -0.37, -0.35, -0.35, -0.35, -0.35, -0.35, -0.39, -0.43, -0.39, -0.35, 
-0.35, -0.35, -0.35, -0.35, -0.59, -0.39, -0.37, -0.35, -0.35, -0.35, -0.35, -0.35, -1.08, -0.35, -0.35, -0.35, -0.35, -0.35, -0.35, -0.35, -0.35, -0.35, -0.35, -0.35, -0.37, -0.39, -0.37, -0.35, 
-0.35, -0.35, -0.35, -0.35, -0.39, -0.43, -0.39, -0.35, -0.35, -0.35, -0.35, -0.35, -0.35, -0.35, -0.35, -0.35, -0.35, -0.35, -0.35, -0.35, -0.35, -0.35, -0.35, -0.35, -1.65, -0.35, -0.35, -0.35, 
-0.35, -0.35, -0.35, -0.35, -0.37, -0.39, -0.37, -0.39, -0.37, -0.35, -1.14, -0.35, -0.35, -0.37, -0.39, -0.37, -0.35, -0.35, -0.35, -0.35, -0.35, -0.35, -0.35, -0.35, -0.35, -0.35, -0.35, -0.35, 
-0.35, -0.35, -0.35, -0.35, -0.35, -0.35, -0.39, -0.43, -0.39, -0.35, -0.35, -0.35, -0.35, -0.39, -0.43, -0.39, -0.35, -0.35, -0.35, -0.35, -0.35, -0.35, -0.35, -0.35, -0.35, -0.35, -0.35, -0.35, 
-0.35, -0.35, -0.35, -0.52, -0.35, -0.35, -0.37, -0.39, -0.37, -0.35, -0.35, -0.35, -0.35, -0.37, -0.39, -0.37, -0.35, -0.35, -0.35, -0.35, -0.35, -0.35, -0.35, -1.59, -0.35, -0.35, -0.35, -0.35, 
-0.35, -0.35, -0.35, -0.35, -0.35, -0.35, -0.35, -0.35, -0.35, -1.20, -0.35, -0.35, -0.35, -0.35, -0.35, -0.35, -0.35, -0.35, -0.35, -0.35, -0.35, -0.35, -0.35, -0.35, -0.35, -0.35, -0.35, -0.35, 
-0.35, -0.35, -0.35, -0.35, -0.35, -0.35, -0.35, -0.35, -0.35, -0.35, -0.35, -0.35, -0.35, -0.35, -0.35, -0.35, -0.35, -0.35, -0.35, -0.35, -0.35, -0.35, -0.35, -0.35, -0.35, -0.35, -0.35, -0.35, 
-0.35, -0.35, -0.46, -0.35, -0.35, -0.35, -0.35, -0.35, -0.35, -0.35, -0.35, -0.37, -1.30, -0.37, -0.35, -0.35, -0.35, -0.35, -0.35, -0.35, -0.35, -0.35, -0.35, -1.56, -0.39, -0.37, -0.35, -0.35, 
-0.35, -0.35, -0.35, -0.35, -0.35, -0.35, -0.35, -0.35, -0.35, -0.35, -0.35, -0.39, -0.43, -0.39, -0.35, -0.35, -0.35, -0.35, -0.35, -0.35, -0.35, -0.35, -0.35, -0.39, -0.43, -0.39, -0.35, -0.35, 
-0.35, -0.35, -0.35, -0.35, -0.35, -0.35, -0.35, -0.35, -0.35, -0.35, -0.35, -0.37, -0.39, -0.37, -0.35, -0.35, -0.35, -0.35, -0.35, -0.35, -0.35, -1.48, -0.35, -0.37, -0.39, -0.37, -0.35, -0.35, 
-0.40, -0.35, -0.35, -0.35, -0.35, -0.35, -0.35, -0.35, -0.35, -0.35, -0.35, -0.35, -0.35, -1.31, -0.35, -0.35, -1.37, -0.35, -0.35, -1.42, -0.35, -0.35, -0.35, -0.35, -0.35, -0.35, -0.35, -0.35, 
-0.35, -0.35, -0.35, -0.35, -0.35, -0.35, -0.35, -0.35, -0.35, -0.35, -0.35, -0.35, -0.35, -0.35, -0.35, -0.35, -0.35, -0.35, -0.35, -0.35, -0.35, -0.35, -0.35, -0.35, -0.35, -0.35, -0.35, -0.35, 
-0.35, -0.35, -0.35, -0.35, -0.35, -0.35, -0.35, -0.35, -0.35, -0.35, -0.35, -0.35, -0.35, -0.35, -0.35, -0.35, -0.35, -0.35, -0.35, -0.35, -0.35, -0.35, -0.35, -0.35, -0.35, -0.35, -0.35, -0.35, 
-- optimal policy --
L  ^  <  <  >  >  L  <  >  >  >  >  >  L  <  <  >  >  ^  <  >  R  <  >  ^  <  ^  v  
^  ^  L  L  R  R  ^  L  R  R  R  R  R  ^  L  l  R  R  ^  L  R  ^  L  R  ^  L  ^  r  
v  l  <  v  l  l  ^  L  <  R  >  >  >  >  r  r  r  r  v  r  v  v  l  L  r  r  R  ^  
l  <  L  v  l  <  <  L  L  R  R  R  >  >  >  >  r  v  r  v  r  v  l  l  >  >  >  r  
<  <  v  l  <  L  L  L  ^  R  R  r  v  >  >  >  >  r  v  r  v  r  r  r  r  R  R  ^  
^  L  l  <  L  L  L  >  ^  <  r  r  v  v  R  R  R  >  r  v  r  v  v  v  l  r  v  v  
v  l  <  L  <  r  v  l  l  r  r  v  v  v  v  l  R  R  >  r  v  r  v  l  <  >  r  v  
v  l  L  r  v  r  v  l  l  r  v  v  v  v  l  <  L  r  r  v  r  v  r  v  l  R  r  v  
v  l  l  >  >  >  r  r  r  v  v  v  l  v  l  L  r  r  >  r  v  r  v  l  <  r  r  v  
v  v  l  v  l  R  >  r  v  v  v  v  v  l  <  L  >  >  >  >  r  >  r  v  r  r  r  v  
v  l  <  v  l  R  R  >  r  v  l  v  l  <  L  r  R  ^  R  R  ^  >  >  r  v  >  >  v  
<  <  L  l  <  l  R  R  r  v  v  l  <  L  L  >  >  >  >  r  R  R  >  >  >  >  >  R  
^  L  v  l  L  v  l  r  r  v  l  <  L  l  R  R  R  R  R  >  >  >  >  r  v  R  R  ^  
v  <  v  l  l  r  r  v  l  r  v  v  v  l  v  l  r  v  v  R  R  R  R  >  r  <  r  v  
l  <  v  l  v  r  v  l  <  v  v  v  l  <  r  v  v  r  v  l  <  R  ^  R  ^  >  >  R  
l  v  l  <  v  v  l  <  L  v  v  l  <  L  r  v  v  >  v  <  L  <  R  >  R  ^  R  ^  
l  l  <  L  v  v  v  v  v  v  v  l  L  r  r  v  l  v  l  <  <  L  l  R  R  >  >  >  
l  L  L  r  v  l  r  v  v  v  l  l  l  r  >  l  <  v  l  L  L  L  <  <  r  R  R  ^  
L  L  r  v  r  v  >  r  v  l  v  l  l  l  r  v  l  v  l  r  r  v  l  l  r  r  v  l  
^  L  v  r  v  l  <  >  r  v  l  v  v  l  >  r  v  v  v  l  l  v  r  v  l  >  v  <  
v  l  v  >  r  v  v  R  ^  r  <  v  l  <  >  >  r  v  l  v  v  l  v  v  v  R  r  v  
r  <  v  <  l  r  l  <  >  v  v  l  <  L  R  R  >  r  <  >  r  <  v  r  v  R  ^  r  
Correct actions (%) : 2.35
Avg angular diffs   : 109.06
