arguments: 27 10 1 -0.855206 -0.0363341 0 -0.10846
loading features...

Initializing gridworld of size 28 by 22..
    Num states: 616
    Num actions: 8
recovered reward
-0.11, -0.11, -0.11, -0.11, -0.11, -0.11, -0.11, -0.32, -0.54, -0.32, -0.11, -0.11, -0.11, -0.11, -0.11, -0.11, -0.11, -0.11, -0.11, -0.11, -0.11, -0.11, -0.11, -0.11, -0.11, -0.11, -0.11, -0.11, 
-0.11, -0.11, -0.11, -0.11, -0.11, -0.11, -0.11, -0.54, -0.96, -0.54, -0.11, -0.11, -0.11, -0.11, -0.11, -0.11, -0.11, -0.11, -0.11, -0.11, -0.11, -0.11, -0.11, -0.11, -0.11, -0.11, -0.11, -0.11, 
-0.11, -0.11, -0.11, -0.12, -0.13, -0.12, -0.11, -0.32, -0.54, -0.32, -0.11, -0.11, -0.11, -0.11, -0.11, -0.11, -0.11, -0.11, -0.11, -0.11, -0.11, -0.11, -0.11, -0.11, -0.11, -0.11, -0.11, -0.11, 
-0.11, -0.11, -0.11, -0.13, -0.14, -0.13, -0.11, -0.11, -0.11, -0.11, -0.11, -0.11, -0.11, -0.11, -0.11, -0.11, -0.11, -0.11, -0.11, -0.11, -0.11, -0.11, -0.11, -0.11, -0.11, -0.11, -0.11, -0.11, 
-0.11, -0.11, -0.11, -0.12, -0.13, -0.12, -0.11, -0.11, -0.11, -0.32, -0.54, -0.32, -0.11, -0.11, -0.11, -0.11, -0.11, -0.11, -0.11, -0.11, -0.11, -0.11, -0.11, -0.11, -0.11, -0.11, -0.11, -0.11, 
-0.11, -0.11, -0.11, -0.32, -0.54, -0.32, -0.12, -0.13, -0.33, -0.54, -0.32, -0.54, -0.11, -0.11, -0.11, -0.11, -0.11, -0.11, -0.11, -0.11, -0.11, -0.11, -0.11, -0.11, -0.11, -0.11, -0.11, -0.11, 
-0.12, -0.13, -0.12, -0.54, -0.96, -0.54, -0.13, -0.14, -0.55, -0.96, -0.54, -0.32, -0.32, -0.11, -0.11, -0.32, -0.54, -0.32, -0.11, -0.11, -0.11, -0.11, -0.11, -0.11, -0.11, -0.11, -0.11, -0.11, 
-0.13, -0.14, -0.13, -0.32, -0.54, -0.32, -0.12, -0.13, -0.33, -0.54, -0.32, -0.96, -0.54, -0.11, -0.11, -0.54, -0.96, -0.54, -0.32, -0.11, -0.11, -0.11, -0.11, -0.11, -0.11, -0.11, -0.11, -0.11, 
-0.12, -0.13, -0.12, -0.11, -0.11, -0.11, -0.11, -0.11, -0.11, -0.11, -0.32, -0.54, -0.32, -0.11, -0.11, -0.32, -0.54, -0.32, -0.54, -0.11, -0.11, -0.11, -0.11, -0.11, -0.11, -0.11, -0.11, -0.11, 
-0.11, -0.11, -0.11, -0.11, -0.11, -0.11, -0.11, -0.11, -0.11, -0.11, -0.11, -0.11, -0.11, -0.11, -0.11, -0.11, -0.32, -0.54, -0.32, -0.11, -0.11, -0.11, -0.11, -0.11, -0.11, -0.11, -0.11, -0.11, 
-0.11, -0.11, -0.11, -0.11, -0.11, -0.11, -0.11, -0.11, -0.11, -0.11, -0.11, -0.12, -0.13, -0.12, -0.13, -0.12, -0.11, -0.11, -0.11, -0.11, -0.11, -0.11, -0.11, -0.11, -0.11, -0.11, -0.11, -0.11, 
-0.11, -0.11, -0.11, -0.11, -0.11, -0.11, -0.11, -0.11, -0.11, -0.11, -0.11, -0.13, -0.14, -0.13, -0.14, -0.13, -0.11, -0.11, -0.11, -0.11, -0.11, -0.11, -0.11, -0.11, -0.11, -0.11, -0.11, -0.11, 
-0.11, -0.11, -0.11, -0.11, -0.11, -0.11, -0.11, -0.11, -0.11, -0.11, -0.11, -0.12, -0.13, -0.12, -0.13, -0.12, -0.11, -0.11, -0.11, -0.12, -0.13, -0.12, -0.11, -0.11, -0.11, -0.11, -0.11, -0.11, 
-0.11, -0.11, -0.11, -0.11, -0.11, -0.11, -0.11, -0.11, -0.11, -0.11, -0.11, -0.11, -0.11, -0.11, -0.12, -0.13, -0.12, -0.11, -0.11, -0.13, -0.14, -0.13, -0.11, -0.11, -0.11, -0.11, -0.11, -0.11, 
-0.11, -0.11, -0.11, -0.11, -0.11, -0.11, -0.11, -0.12, -0.13, -0.12, -0.11, -0.11, -0.11, -0.32, -0.55, -0.36, -0.13, -0.11, -0.11, -0.12, -0.13, -0.12, -0.11, -0.11, -0.11, -0.11, -0.11, -0.11, 
-0.11, -0.11, -0.11, -0.11, -0.11, -0.11, -0.11, -0.12, -0.13, -0.12, -0.11, -0.11, -0.11, -0.54, -0.97, -0.55, -0.12, -0.32, -0.55, -0.34, -0.12, -0.11, -0.11, -0.11, -0.11, -0.11, -0.11, -0.11, 
-0.11, -0.11, -0.32, -0.54, -0.32, -0.11, -0.11, -0.13, -0.14, -0.13, -0.11, -0.11, -0.11, -0.32, -0.54, -0.32, -0.11, -0.54, -0.98, -0.57, -0.13, -0.11, -0.11, -0.11, -0.11, -0.11, -0.11, -0.11, 
-0.11, -0.11, -0.54, -0.96, -0.54, -0.11, -0.11, -0.12, -0.13, -0.12, -0.11, -0.11, -0.11, -0.11, -0.11, -0.11, -0.11, -0.32, -0.33, -0.55, -0.33, -0.11, -0.11, -0.11, -0.11, -0.11, -0.11, -0.11, 
-0.11, -0.11, -0.32, -0.54, -0.32, -0.11, -0.11, -0.11, -0.11, -0.11, -0.11, -0.11, -0.11, -0.11, -0.11, -0.11, -0.11, -0.11, -0.55, -0.98, -0.55, -0.11, -0.11, -0.11, -0.11, -0.11, -0.11, -0.11, 
-0.11, -0.11, -0.11, -0.11, -0.11, -0.11, -0.11, -0.11, -0.11, -0.11, -0.11, -0.11, -0.11, -0.11, -0.11, -0.11, -0.11, -0.11, -0.32, -0.54, -0.32, -0.11, -0.11, -0.11, -0.11, -0.11, -0.11, -0.11, 
-0.11, -0.11, -0.11, -0.11, -0.11, -0.11, -0.11, -0.11, -0.11, -0.11, -0.11, -0.11, -0.11, -0.11, -0.11, -0.11, -0.11, -0.11, -0.11, -0.11, -0.11, -0.11, -0.11, -0.11, -0.11, -0.11, -0.11, -0.11, 
-0.11, -0.11, -0.11, -0.11, -0.11, -0.11, -0.11, -0.11, -0.11, -0.11, -0.11, -0.11, -0.11, -0.11, -0.11, -0.11, -0.11, -0.11, -0.11, -0.11, -0.11, -0.11, -0.11, -0.11, -0.11, -0.11, -0.11, -0.11, 
-- optimal policy --
^  L  <  L  ^  <  <  <  >  >  >  ^  L  R  L  R  R  <  >  L  L  R  <  >  R  <  L  ^  
l  l  R  ^  ^  L  L  l  R  R  R  ^  ^  ^  ^  ^  L  L  R  ^  ^  ^  L  R  ^  >  >  R  
v  ^  L  L  R  ^  L  r  r  >  >  r  v  >  r  v  v  r  v  >  >  >  >  r  R  R  ^  >  
L  <  l  <  L  >  >  >  >  R  >  >  r  >  >  >  r  >  r  R  R  R  R  >  >  r  v  ^  
l  <  <  L  <  R  R  R  R  R  R  >  >  >  >  >  >  >  >  >  >  >  >  >  >  >  >  v  
^  L  <  L  L  R  R  R  ^  L  R  R  ^  R  R  ^  ^  R  ^  R  R  R  R  R  R  R  ^  R  
^  ^  L  L  l  r  v  l  l  r  v  R  r  v  v  l  R  >  >  >  >  >  >  >  >  >  >  v  
v  l  r  v  l  v  l  l  l  v  l  R  >  r  v  l  R  R  r  v  R  R  R  R  R  R  ^  r  
v  l  l  l  <  l  v  l  <  v  r  r  >  >  r  v  l  R  >  r  v  >  r  v  >  >  >  r  
v  v  v  v  l  <  v  <  L  v  v  >  >  >  >  r  r  v  >  >  >  >  >  >  >  >  >  >  
v  v  v  l  <  L  l  <  v  v  l  R  R  R  R  >  >  r  R  R  ^  R  R  ^  R  R  R  ^  
v  v  l  <  L  l  ^  L  v  l  v  l  r  v  l  R  R  >  >  >  >  >  >  >  >  r  v  v  
v  l  <  L  l  <  L  v  l  v  v  v  l  l  l  R  R  R  R  R  R  R  R  R  R  >  r  v  
l  <  L  l  <  L  v  l  <  r  v  v  v  l  <  R  R  R  ^  L  r  >  >  >  >  >  >  >  
^  L  l  <  L  v  v  l  L  r  v  v  v  l  L  r  R  R  ^  L  r  r  R  >  >  >  >  R  
v  l  <  L  r  v  v  l  <  r  v  v  v  l  l  r  v  l  ^  L  r  v  r  R  R  R  R  ^  
L  <  L  R  r  v  v  l  l  r  v  v  v  v  l  v  l  <  L  R  r  v  v  v  r  v  v  v  
^  L  <  r  r  v  l  r  v  v  v  v  v  l  <  v  v  v  l  R  >  r  v  v  v  r  v  v  
v  <  r  r  r  v  v  v  v  v  v  v  l  <  >  r  v  v  l  l  r  v  r  v  v  v  r  v  
l  <  >  >  >  r  v  v  v  v  v  l  <  L  >  >  r  v  r  r  v  v  v  r  v  v  >  r  
^  L  >  >  >  >  r  v  v  v  l  <  L  >  >  >  >  r  v  >  r  v  v  v  l  v  v  l  
L  <  R  R  R  R  >  v  l  v  <  L  >  >  >  >  >  >  >  >  >  r  v  v  ^  l  v  l  
Correct actions (%) : 8.33
Avg angular diffs   : 96.09
