arguments: 38 20 3 0.327014 0.197867 -0.00118483 -0.473934
loading features...

Initializing gridworld of size 28 by 22..
    Num states: 616
    Num actions: 8
recovered reward
-0.47, -0.47, -0.47, -0.47, -0.47, -0.47, -0.47, -0.47, -0.42, -0.38, -0.42, -0.47, -0.47, -0.48, -0.47, -0.47, -0.47, -0.48, -0.47, -0.47, -0.48, -0.47, -0.48, -0.47, -0.47, -0.48, -0.47, -0.47, 
-0.48, -0.47, -0.47, -0.48, -0.47, -0.47, -0.48, -0.47, -0.37, -0.28, -0.37, -0.47, -0.47, -0.47, -0.47, -0.47, -0.39, -0.31, -0.39, -0.47, -0.47, -0.47, -0.47, -0.47, -0.47, -0.47, -0.47, -0.47, 
-0.47, -0.47, -0.47, -0.47, -0.42, -0.37, -0.42, -0.47, -0.42, -0.37, -0.42, -0.47, -0.47, -0.39, -0.31, -0.39, -0.26, -0.05, -0.26, -0.47, -0.47, -0.47, -0.47, -0.39, -0.31, -0.39, -0.47, -0.47, 
-0.48, -0.47, -0.47, -0.47, -0.37, -0.28, -0.37, -0.47, -0.47, -0.47, -0.47, -0.47, -0.47, -0.31, -0.15, -0.31, -0.29, -0.11, -0.29, -0.47, -0.47, -0.47, -0.47, -0.31, -0.15, -0.31, -0.47, -0.47, 
-0.42, -0.37, -0.42, -0.47, -0.42, -0.37, -0.42, -0.47, -0.47, -0.47, -0.47, -0.47, -0.47, -0.34, -0.21, -0.34, -0.42, -0.37, -0.42, -0.47, -0.47, -0.47, -0.47, -0.39, -0.31, -0.39, -0.48, -0.47, 
-0.37, -0.28, -0.37, -0.47, -0.47, -0.47, -0.47, -0.47, -0.47, -0.47, -0.47, -0.47, -0.47, -0.37, -0.28, -0.37, -0.47, -0.47, -0.47, -0.47, -0.47, -0.47, -0.47, -0.42, -0.37, -0.42, -0.47, -0.47, 
-0.42, -0.37, -0.42, -0.47, -0.47, -0.47, -0.47, -0.47, -0.47, -0.47, -0.47, -0.47, -0.47, -0.42, -0.37, -0.42, -0.47, -0.47, -0.47, -0.47, -0.47, -0.47, -0.47, -0.37, -0.28, -0.37, -0.47, -0.47, 
-0.47, -0.47, -0.47, -0.47, -0.47, -0.47, -0.47, -0.42, -0.37, -0.42, -0.47, -0.47, -0.47, -0.39, -0.31, -0.39, -0.47, -0.47, -0.47, -0.47, -0.47, -0.47, -0.47, -0.42, -0.37, -0.42, -0.48, -0.47, 
-0.47, -0.47, -0.47, -0.47, -0.47, -0.47, -0.47, -0.37, -0.28, -0.37, -0.47, -0.47, -0.47, -0.31, -0.15, -0.31, -0.47, -0.47, -0.47, -0.39, -0.31, -0.39, -0.31, -0.39, -0.47, -0.47, -0.47, -0.47, 
-0.47, -0.47, -0.47, -0.47, -0.47, -0.47, -0.47, -0.42, -0.37, -0.42, -0.48, -0.47, -0.47, -0.39, -0.31, -0.39, -0.47, -0.48, -0.47, -0.31, -0.15, -0.26, -0.05, -0.26, -0.39, -0.31, -0.39, -0.47, 
-0.47, -0.47, -0.47, -0.47, -0.47, -0.47, -0.47, -0.47, -0.47, -0.47, -0.47, -0.47, -0.47, -0.47, -0.47, -0.47, -0.47, -0.47, -0.47, -0.39, -0.31, -0.29, -0.11, -0.29, -0.31, -0.15, -0.31, -0.47, 
-0.47, -0.47, -0.47, -0.47, -0.47, -0.47, -0.47, -0.48, -0.47, -0.47, -0.47, -0.47, -0.47, -0.47, -0.47, -0.42, -0.37, -0.42, -0.47, -0.47, -0.47, -0.42, -0.37, -0.42, -0.39, -0.31, -0.39, -0.47, 
-0.47, -0.47, -0.42, -0.37, -0.42, -0.47, -0.47, -0.47, -0.39, -0.31, -0.39, -0.47, -0.47, -0.47, -0.47, -0.37, -0.28, -0.37, -0.47, -0.39, -0.39, -0.31, -0.39, -0.47, -0.47, -0.47, -0.47, -0.47, 
-0.48, -0.47, -0.37, -0.28, -0.37, -0.47, -0.48, -0.47, -0.31, -0.15, -0.31, -0.47, -0.47, -0.47, -0.47, -0.42, -0.37, -0.42, -0.47, -0.31, -0.31, -0.15, -0.31, -0.47, -0.47, -0.47, -0.48, -0.47, 
-0.47, -0.47, -0.42, -0.37, -0.42, -0.47, -0.47, -0.47, -0.39, -0.31, -0.39, -0.47, -0.47, -0.47, -0.47, -0.47, -0.47, -0.47, -0.47, -0.39, -0.39, -0.31, -0.39, -0.47, -0.47, -0.47, -0.47, -0.47, 
-0.47, -0.47, -0.47, -0.42, -0.37, -0.42, -0.47, -0.47, -0.47, -0.47, -0.47, -0.47, -0.47, -0.47, -0.47, -0.47, -0.47, -0.47, -0.47, -0.47, -0.47, -0.47, -0.47, -0.42, -0.37, -0.42, -0.47, -0.47, 
-0.47, -0.47, -0.47, -0.37, -0.28, -0.37, -0.47, -0.47, -0.47, -0.47, -0.47, -0.47, -0.47, -0.47, -0.47, -0.47, -0.47, -0.47, -0.47, -0.47, -0.47, -0.47, -0.47, -0.37, -0.28, -0.37, -0.47, -0.47, 
-0.47, -0.47, -0.47, -0.42, -0.37, -0.42, -0.47, -0.39, -0.31, -0.39, -0.47, -0.47, -0.39, -0.31, -0.39, -0.47, -0.47, -0.47, -0.47, -0.47, -0.47, -0.47, -0.47, -0.42, -0.37, -0.42, -0.47, -0.47, 
-0.47, -0.47, -0.47, -0.47, -0.47, -0.47, -0.47, -0.31, -0.15, -0.31, -0.47, -0.47, -0.31, -0.15, -0.31, -0.47, -0.47, -0.47, -0.47, -0.47, -0.47, -0.47, -0.47, -0.47, -0.47, -0.47, -0.47, -0.47, 
-0.47, -0.47, -0.47, -0.47, -0.47, -0.47, -0.47, -0.39, -0.31, -0.39, -0.47, -0.47, -0.39, -0.31, -0.39, -0.47, -0.47, -0.47, -0.47, -0.47, -0.47, -0.47, -0.47, -0.47, -0.47, -0.47, -0.47, -0.47, 
-0.47, -0.47, -0.47, -0.47, -0.47, -0.47, -0.47, -0.47, -0.47, -0.47, -0.47, -0.47, -0.47, -0.47, -0.47, -0.47, -0.47, -0.47, -0.47, -0.47, -0.47, -0.47, -0.47, -0.47, -0.47, -0.47, -0.47, -0.47, 
-0.47, -0.47, -0.47, -0.47, -0.47, -0.47, -0.47, -0.47, -0.47, -0.47, -0.47, -0.47, -0.47, -0.47, -0.47, -0.47, -0.47, -0.47, -0.47, -0.47, -0.47, -0.47, -0.47, -0.47, -0.47, -0.47, -0.47, -0.47, 
-- optimal policy --
>  r  r  r  r  >  r  r  r  r  r  r  r  r  r  r  r  v  l  l  l  l  l  l  r  v  l  l  
r  r  r  r  r  r  r  >  >  >  r  r  r  r  r  r  r  v  l  l  l  l  l  r  v  l  l  l  
r  r  >  r  r  r  >  R  R  R  r  r  r  r  r  >  >  v  <  <  <  <  <  r  v  l  l  l  
r  r  r  >  >  >  R  R  R  R  r  r  >  >  >  R  R  ^  L  L  L  <  r  r  v  l  l  l  
r  r  >  R  R  R  R  R  R  r  r  >  R  R  R  R  R  ^  L  L  L  L  r  r  v  l  l  l  
>  >  R  R  R  R  R  r  r  r  >  R  R  R  R  R  R  ^  L  L  L  r  r  r  v  l  l  l  
R  R  R  R  R  r  r  r  r  >  R  R  R  R  ^  L  L  ^  ^  r  r  r  r  v  l  l  <  <  
R  R  R  R  r  >  r  r  r  R  R  R  R  R  ^  L  L  r  r  r  r  r  v  l  l  l  l  l  
R  R  R  r  >  r  >  >  >  R  R  R  R  R  ^  L  L  >  r  r  r  r  v  l  l  l  l  l  
R  R  r  >  r  >  R  R  R  R  R  R  R  R  ^  L  r  r  >  >  >  >  v  <  <  l  l  l  
r  r  r  r  >  R  R  R  R  R  R  R  R  R  ^  L  r  >  R  R  R  R  ^  L  L  <  <  <  
r  r  r  r  R  R  R  R  R  R  R  R  R  ^  r  r  >  R  R  R  R  R  ^  L  L  L  L  L  
>  r  r  >  R  R  >  r  r  v  R  R  ^  r  >  >  R  R  R  R  R  R  ^  L  L  L  L  L  
r  >  >  R  R  r  r  >  >  R  <  L  r  >  R  R  R  R  >  R  R  ^  L  L  L  L  L  L  
>  R  R  ^  r  r  >  R  R  ^  L  L  >  R  R  R  ^  >  R  R  R  ^  L  L  L  L  L  L  
R  R  r  r  r  >  R  R  R  ^  L  L  R  R  R  R  >  R  R  R  R  ^  L  L  L  l  L  L  
R  r  >  >  >  R  R  R  ^  ^  L  R  R  R  R  >  R  R  R  R  ^  R  ^  L  L  <  <  L  
r  >  R  R  R  R  R  ^  ^  L  >  r  r  v  >  R  R  R  R  ^  R  ^  R  R  ^  L  L  <  
>  R  R  R  R  R  >  >  ^  <  >  >  >  >  R  R  R  R  ^  ^  R  R  R  R  ^  L  L  L  
R  R  R  R  R  >  R  R  ^  L  R  R  R  ^  L  R  R  ^  R  ^  R  R  R  ^  L  ^  L  L  
R  R  R  R  >  R  R  R  ^  R  R  R  R  ^  L  R  ^  R  ^  R  R  R  ^  ^  L  L  ^  L  
R  R  R  >  R  R  R  R  R  R  R  R  ^  L  ^  L  R  ^  R  R  R  ^  ^  ^  L  L  L  L  
Correct actions (%) : 14.29
Avg angular diffs   : 80.89
