arguments: 42 35 1 0.273352 0.175824 0.00137363 -0.549451
loading features...

Initializing gridworld of size 28 by 22..
    Num states: 616
    Num actions: 8
recovered reward
-0.51, -0.46, -0.51, -0.55, -0.55, -0.55, -0.55, -0.55, -0.55, -0.55, -0.55, -0.55, -0.55, -0.55, -0.55, -0.55, -0.55, -0.55, -0.55, -0.55, -0.55, -0.55, -0.55, -0.55, -0.55, -0.55, -0.55, -0.55, 
-0.46, -0.37, -0.46, -0.48, -0.41, -0.48, -0.55, -0.48, -0.37, -0.39, -0.51, -0.55, -0.55, -0.55, -0.55, -0.55, -0.55, -0.55, -0.48, -0.41, -0.48, -0.55, -0.55, -0.55, -0.55, -0.55, -0.55, -0.55, 
-0.51, -0.46, -0.51, -0.41, -0.28, -0.41, -0.55, -0.41, -0.19, -0.24, -0.39, -0.55, -0.55, -0.55, -0.55, -0.55, -0.55, -0.55, -0.41, -0.28, -0.41, -0.55, -0.55, -0.55, -0.55, -0.55, -0.55, -0.55, 
-0.55, -0.55, -0.55, -0.48, -0.41, -0.48, -0.55, -0.48, -0.37, -0.39, -0.37, -0.55, -0.55, -0.55, -0.55, -0.55, -0.55, -0.55, -0.48, -0.41, -0.48, -0.55, -0.55, -0.55, -0.55, -0.55, -0.55, -0.55, 
-0.55, -0.55, -0.55, -0.55, -0.55, -0.55, -0.55, -0.55, -0.48, -0.41, -0.48, -0.55, -0.55, -0.55, -0.55, -0.55, -0.55, -0.55, -0.55, -0.55, -0.55, -0.55, -0.55, -0.55, -0.55, -0.55, -0.55, -0.55, 
-0.55, -0.55, -0.55, -0.55, -0.55, -0.55, -0.55, -0.55, -0.55, -0.55, -0.55, -0.55, -0.55, -0.55, -0.55, -0.48, -0.48, -0.41, -0.48, -0.55, -0.51, -0.46, -0.51, -0.55, -0.55, -0.55, -0.55, -0.55, 
-0.55, -0.55, -0.48, -0.41, -0.48, -0.55, -0.55, -0.55, -0.55, -0.55, -0.55, -0.55, -0.55, -0.55, -0.55, -0.41, -0.41, -0.28, -0.41, -0.55, -0.46, -0.31, -0.32, -0.48, -0.55, -0.55, -0.55, -0.55, 
-0.55, -0.55, -0.41, -0.28, -0.41, -0.55, -0.55, -0.55, -0.55, -0.55, -0.55, -0.55, -0.55, -0.55, -0.55, -0.48, -0.48, -0.41, -0.48, -0.55, -0.51, -0.32, -0.23, -0.41, -0.55, -0.55, -0.55, -0.55, 
-0.55, -0.55, -0.48, -0.41, -0.48, -0.55, -0.55, -0.55, -0.55, -0.55, -0.55, -0.55, -0.55, -0.55, -0.55, -0.55, -0.55, -0.55, -0.55, -0.55, -0.55, -0.48, -0.41, -0.48, -0.55, -0.55, -0.55, -0.55, 
-0.55, -0.55, -0.55, -0.55, -0.55, -0.55, -0.55, -0.51, -0.46, -0.51, -0.55, -0.55, -0.55, -0.55, -0.55, -0.55, -0.55, -0.55, -0.55, -0.55, -0.55, -0.55, -0.55, -0.55, -0.55, -0.55, -0.55, -0.55, 
-0.55, -0.55, -0.55, -0.55, -0.55, -0.55, -0.55, -0.46, -0.37, -0.46, -0.55, -0.55, -0.55, -0.55, -0.55, -0.55, -0.55, -0.55, -0.55, -0.55, -0.55, -0.55, -0.55, -0.51, -0.46, -0.51, -0.55, -0.55, 
-0.55, -0.55, -0.55, -0.55, -0.55, -0.55, -0.55, -0.51, -0.46, -0.51, -0.55, -0.55, -0.55, -0.55, -0.55, -0.55, -0.55, -0.55, -0.55, -0.55, -0.55, -0.55, -0.55, -0.46, -0.37, -0.46, -0.55, -0.55, 
-0.55, -0.55, -0.55, -0.55, -0.55, -0.55, -0.55, -0.55, -0.55, -0.55, -0.55, -0.55, -0.55, -0.55, -0.55, -0.55, -0.55, -0.55, -0.55, -0.55, -0.55, -0.55, -0.55, -0.51, -0.46, -0.51, -0.55, -0.55, 
-0.55, -0.55, -0.51, -0.46, -0.51, -0.46, -0.51, -0.55, -0.55, -0.55, -0.55, -0.55, -0.55, -0.55, -0.55, -0.55, -0.55, -0.55, -0.55, -0.55, -0.55, -0.55, -0.51, -0.46, -0.51, -0.55, -0.55, -0.55, 
-0.55, -0.51, -0.46, -0.51, -0.46, -0.37, -0.46, -0.55, -0.55, -0.55, -0.55, -0.55, -0.48, -0.41, -0.48, -0.55, -0.55, -0.55, -0.55, -0.55, -0.55, -0.55, -0.46, -0.37, -0.46, -0.55, -0.55, -0.55, 
-0.55, -0.46, -0.37, -0.46, -0.51, -0.46, -0.51, -0.46, -0.51, -0.55, -0.55, -0.55, -0.41, -0.28, -0.41, -0.55, -0.55, -0.55, -0.55, -0.55, -0.55, -0.55, -0.51, -0.46, -0.51, -0.55, -0.55, -0.55, 
-0.55, -0.51, -0.46, -0.51, -0.55, -0.55, -0.46, -0.37, -0.46, -0.55, -0.55, -0.48, -0.41, -0.48, -0.48, -0.55, -0.55, -0.55, -0.51, -0.46, -0.51, -0.55, -0.55, -0.55, -0.55, -0.55, -0.55, -0.55, 
-0.55, -0.55, -0.55, -0.55, -0.55, -0.55, -0.51, -0.46, -0.44, -0.41, -0.48, -0.41, -0.28, -0.41, -0.55, -0.55, -0.55, -0.55, -0.46, -0.37, -0.46, -0.55, -0.55, -0.55, -0.55, -0.55, -0.55, -0.55, 
-0.55, -0.55, -0.55, -0.55, -0.55, -0.55, -0.55, -0.55, -0.41, -0.28, -0.41, -0.48, -0.41, -0.48, -0.55, -0.55, -0.55, -0.55, -0.50, -0.46, -0.51, -0.55, -0.55, -0.55, -0.55, -0.55, -0.55, -0.55, 
-0.55, -0.55, -0.55, -0.55, -0.55, -0.55, -0.55, -0.55, -0.48, -0.41, -0.48, -0.55, -0.55, -0.55, -0.55, -0.55, -0.55, -0.55, -0.55, -0.55, -0.55, -0.55, -0.55, -0.55, -0.55, -0.55, -0.55, -0.55, 
-0.55, -0.55, -0.55, -0.55, -0.55, -0.55, -0.55, -0.55, -0.55, -0.55, -0.55, -0.55, -0.55, -0.55, -0.55, -0.55, -0.55, -0.55, -0.55, -0.55, -0.55, -0.55, -0.55, -0.55, -0.55, -0.55, -0.55, -0.55, 
-0.55, -0.55, -0.55, -0.55, -0.55, -0.55, -0.55, -0.55, -0.55, -0.55, -0.55, -0.55, -0.55, -0.55, -0.55, -0.55, -0.55, -0.55, -0.55, -0.55, -0.55, -0.55, -0.55, -0.55, -0.55, -0.55, -0.55, -0.55, 
-- optimal policy --
r  r  r  r  r  r  r  r  v  l  l  l  l  l  l  l  l  r  r  v  l  l  l  l  r  v  l  l  
>  >  r  r  r  r  r  r  v  l  l  l  l  l  l  l  l  r  r  v  l  l  l  r  v  l  l  l  
R  R  >  >  >  r  >  >  >  <  <  l  l  l  l  <  <  >  >  v  <  l  r  v  l  l  l  l  
R  R  R  R  R  >  R  R  ^  L  L  <  <  l  l  L  <  R  r  r  r  v  v  l  l  l  l  l  
R  R  R  R  R  R  R  R  ^  L  ^  L  L  <  <  <  l  l  r  r  r  v  l  l  l  l  l  l  
R  R  R  R  R  R  R  R  R  ^  L  L  L  L  L  <  l  v  >  r  r  v  l  l  l  l  l  l  
R  r  r  >  R  R  R  R  R  ^  L  L  L  L  L  L  <  <  r  >  >  r  v  l  l  l  l  l  
r  >  >  R  R  R  R  ^  L  L  ^  L  L  L  L  L  L  ^  >  R  R  >  L  <  <  <  l  <  
>  R  R  ^  L  L  ^  ^  ^  L  L  ^  L  L  L  L  L  L  R  R  R  R  ^  L  L  L  l  l  
R  R  R  ^  L  L  L  L  ^  ^  L  L  ^  L  L  L  L  L  R  R  R  R  ^  L  L  L  <  l  
R  R  ^  R  ^  L  L  R  ^  L  L  L  L  L  ^  L  L  R  R  R  R  R  ^  L  L  L  L  <  
R  ^  R  ^  L  L  L  R  ^  L  L  L  L  ^  L  ^  L  R  R  R  R  ^  R  R  ^  L  L  L  
^  R  R  ^  L  ^  R  R  ^  L  L  L  L  L  ^  ^  R  R  R  R  ^  R  R  R  ^  L  L  L  
R  R  ^  R  ^  R  R  ^  ^  L  L  L  L  L  ^  R  R  R  R  ^  R  R  R  R  ^  L  L  L  
^  R  R  ^  R  ^  L  L  ^  ^  L  L  L  v  l  R  R  R  ^  R  R  R  R  ^  L  L  L  L  
R  R  ^  R  R  ^  L  L  L  ^  ^  R  >  L  <  <  R  ^  R  R  R  R  R  ^  L  L  L  L  
R  R  ^  R  R  ^  L  L  <  v  r  r  R  ^  L  L  L  r  r  R  R  R  R  ^  L  L  L  L  
R  R  ^  L  L  R  R  ^  L  v  l  >  ^  <  <  L  L  >  >  R  R  R  ^  R  ^  L  L  L  
R  ^  L  L  R  R  R  >  >  v  <  R  ^  L  L  <  L  R  R  ^  L  L  R  ^  R  ^  L  L  
^  L  L  R  R  R  >  R  R  ^  L  R  ^  L  L  L  R  R  R  ^  L  L  L  R  ^  ^  L  L  
^  L  R  R  R  >  R  R  R  ^  L  L  L  ^  L  L  L  R  ^  L  ^  L  L  L  R  ^  ^  L  
^  R  R  R  >  R  R  R  ^  R  ^  L  L  L  ^  L  L  R  ^  ^  L  ^  L  L  L  ^  L  ^  
Correct actions (%) : 10.00
Avg angular diffs   : 92.25
