arguments: 43 41 4 -0.00284991 -0.852755 0.0177327 -0.126662
loading features...

Initializing gridworld of size 28 by 22..
    Num states: 616
    Num actions: 8
recovered reward
-0.13, -0.13, -0.13, -0.13, -0.13, -0.13, -0.13, -0.13, -0.13, -0.13, -0.13, -0.13, -0.13, -0.13, -0.13, -0.34, -0.55, -0.34, -0.13, -0.13, -0.13, -0.13, -0.13, -0.13, -0.13, -0.13, -0.13, -0.13, 
-0.13, -0.13, -0.13, -0.13, -0.13, -0.13, -0.13, -0.13, -0.13, -0.11, -0.13, -0.13, -0.11, -0.13, -0.13, -0.55, -0.98, -0.55, -0.13, -0.13, -0.13, -0.13, -0.13, -0.34, -0.55, -0.29, -0.13, -0.13, 
-0.13, -0.13, -0.13, -0.13, -0.13, -0.13, -0.13, -0.13, -0.13, -0.13, -0.13, -0.13, -0.13, -0.13, -0.13, -0.34, -0.54, -0.34, -0.13, -0.13, -0.13, -0.13, -0.34, -0.55, -0.98, -0.55, -0.13, -0.13, 
-0.13, -0.13, -0.13, -0.13, -0.13, -0.13, -0.13, -0.11, -0.13, -0.13, -0.13, -0.13, -0.13, -0.13, -0.13, -0.13, -0.13, -0.13, -0.13, -0.13, -0.13, -0.13, -0.55, -0.34, -0.55, -0.34, -0.13, -0.13, 
-0.13, -0.13, -0.13, -0.13, -0.13, -0.34, -0.54, -0.34, -0.13, -0.34, -0.55, -0.34, -0.13, -0.13, -0.13, -0.13, -0.13, -0.13, -0.13, -0.13, -0.13, -0.13, -0.34, -0.55, -0.34, -0.08, -0.13, -0.13, 
-0.13, -0.13, -0.13, -0.13, -0.13, -0.55, -0.98, -0.55, -0.13, -0.55, -0.98, -0.55, -0.13, -0.13, -0.13, -0.13, -0.11, -0.13, -0.13, -0.13, -0.13, -0.13, -0.13, -0.13, -0.13, -0.13, -0.13, -0.13, 
-0.13, -0.13, -0.13, -0.13, -0.12, -0.34, -0.55, -0.34, -0.13, -0.34, -0.55, -0.34, -0.13, -0.13, -0.11, -0.13, -0.34, -0.55, -0.34, -0.13, -0.13, -0.13, -0.13, -0.13, -0.13, -0.13, -0.13, -0.13, 
-0.13, -0.13, -0.13, -0.13, -0.13, -0.13, -0.13, -0.13, -0.13, -0.13, -0.13, -0.13, -0.13, -0.13, -0.13, -0.13, -0.55, -0.98, -0.55, -0.13, -0.13, -0.13, -0.13, -0.08, -0.34, -0.55, -0.34, -0.13, 
-0.13, -0.13, -0.13, -0.13, -0.13, -0.13, -0.13, -0.13, -0.13, -0.13, -0.13, -0.13, -0.13, -0.13, -0.13, -0.13, -0.34, -0.55, -0.34, -0.13, -0.13, -0.13, -0.13, -0.13, -0.55, -0.98, -0.55, -0.13, 
-0.13, -0.13, -0.13, -0.13, -0.33, -0.55, -0.34, -0.13, -0.13, -0.13, -0.13, -0.13, -0.10, -0.13, -0.13, -0.13, -0.13, -0.13, -0.13, -0.13, -0.13, -0.13, -0.13, -0.13, -0.34, -0.55, -0.34, -0.13, 
-0.13, -0.13, -0.13, -0.13, -0.55, -0.98, -0.55, -0.13, -0.13, -0.13, -0.13, -0.13, -0.13, -0.13, -0.13, -0.13, -0.13, -0.13, -0.13, -0.13, -0.13, -0.13, -0.13, -0.13, -0.09, -0.13, -0.13, -0.13, 
-0.13, -0.13, -0.13, -0.13, -0.34, -0.55, -0.34, -0.55, -0.34, -0.13, -0.10, -0.13, -0.13, -0.34, -0.55, -0.34, -0.13, -0.13, -0.13, -0.13, -0.13, -0.13, -0.13, -0.13, -0.13, -0.13, -0.13, -0.13, 
-0.13, -0.13, -0.13, -0.13, -0.13, -0.13, -0.55, -0.98, -0.55, -0.13, -0.13, -0.13, -0.13, -0.55, -0.98, -0.55, -0.13, -0.13, -0.13, -0.13, -0.13, -0.13, -0.13, -0.13, -0.13, -0.13, -0.13, -0.13, 
-0.13, -0.13, -0.13, -0.12, -0.13, -0.13, -0.34, -0.55, -0.34, -0.13, -0.13, -0.13, -0.13, -0.34, -0.55, -0.34, -0.13, -0.13, -0.13, -0.13, -0.13, -0.13, -0.13, -0.09, -0.13, -0.13, -0.13, -0.13, 
-0.13, -0.13, -0.13, -0.13, -0.13, -0.13, -0.13, -0.13, -0.13, -0.10, -0.13, -0.13, -0.13, -0.13, -0.13, -0.13, -0.13, -0.13, -0.13, -0.13, -0.13, -0.13, -0.13, -0.13, -0.13, -0.13, -0.13, -0.13, 
-0.13, -0.13, -0.13, -0.13, -0.13, -0.13, -0.13, -0.13, -0.13, -0.13, -0.13, -0.13, -0.13, -0.13, -0.13, -0.13, -0.13, -0.13, -0.13, -0.13, -0.13, -0.13, -0.13, -0.13, -0.13, -0.13, -0.13, -0.13, 
-0.13, -0.13, -0.12, -0.13, -0.13, -0.13, -0.13, -0.13, -0.13, -0.13, -0.13, -0.34, -0.53, -0.34, -0.13, -0.13, -0.13, -0.13, -0.13, -0.13, -0.13, -0.13, -0.13, -0.30, -0.55, -0.34, -0.13, -0.13, 
-0.13, -0.13, -0.13, -0.13, -0.13, -0.13, -0.13, -0.13, -0.13, -0.13, -0.13, -0.55, -0.98, -0.55, -0.13, -0.13, -0.13, -0.13, -0.13, -0.13, -0.13, -0.13, -0.13, -0.55, -0.98, -0.55, -0.13, -0.13, 
-0.13, -0.13, -0.13, -0.13, -0.13, -0.13, -0.13, -0.13, -0.13, -0.13, -0.13, -0.34, -0.55, -0.34, -0.13, -0.13, -0.13, -0.13, -0.13, -0.13, -0.13, -0.09, -0.13, -0.34, -0.55, -0.34, -0.13, -0.13, 
-0.12, -0.13, -0.13, -0.13, -0.13, -0.13, -0.13, -0.13, -0.13, -0.13, -0.13, -0.13, -0.13, -0.10, -0.13, -0.13, -0.09, -0.13, -0.13, -0.09, -0.13, -0.13, -0.13, -0.13, -0.13, -0.13, -0.13, -0.13, 
-0.13, -0.13, -0.13, -0.13, -0.13, -0.13, -0.13, -0.13, -0.13, -0.13, -0.13, -0.13, -0.13, -0.13, -0.13, -0.13, -0.13, -0.13, -0.13, -0.13, -0.13, -0.13, -0.13, -0.13, -0.13, -0.13, -0.13, -0.13, 
-0.13, -0.13, -0.13, -0.13, -0.13, -0.13, -0.13, -0.13, -0.13, -0.13, -0.13, -0.13, -0.13, -0.13, -0.13, -0.13, -0.13, -0.13, -0.13, -0.13, -0.13, -0.13, -0.13, -0.13, -0.13, -0.13, -0.13, -0.13, 
-- optimal policy --
r  r  r  >  r  r  >  >  r  v  >  r  v  l  l  l  >  r  v  l  v  v  >  >  >  r  r  v  
>  r  r  r  r  r  v  r  >  r  r  >  r  <  l  l  r  r  v  v  v  v  l  R  R  r  r  v  
r  >  r  r  r  >  r  v  R  ^  r  R  ^  r  v  r  r  >  r  v  v  v  l  L  R  r  v  l  
r  r  >  r  >  R  >  R  <  R  >  r  r  >  r  v  r  r  >  r  v  v  l  r  r  v  l  <  
>  r  r  >  R  R  R  ^  L  R  R  r  r  r  >  r  v  r  r  >  r  v  r  r  >  R  <  L  
>  r  r  r  v  l  R  r  v  l  r  r  >  r  v  >  >  >  r  r  >  r  v  >  R  ^  L  <  
R  >  >  >  r  r  v  >  r  r  r  r  r  >  >  R  ^  R  r  r  r  >  r  v  l  ^  ^  L  
R  R  R  R  r  r  r  v  r  >  r  r  >  R  ^  L  L  r  >  r  r  r  >  v  <  L  L  ^  
R  R  R  >  >  >  r  r  v  r  r  r  R  ^  L  r  r  r  r  r  r  >  R  ^  L  L  R  ^  
R  R  >  R  R  R  >  >  r  v  r  >  R  <  r  r  r  r  r  r  >  R  ^  r  v  l  l  l  
r  >  R  ^  L  r  R  >  >  r  v  R  ^  L  >  r  r  r  r  >  R  ^  r  >  l  <  <  l  
>  r  >  r  r  v  R  R  r  >  R  <  ^  L  R  r  r  r  >  R  ^  r  >  R  ^  L  <  l  
r  >  r  >  r  v  l  r  >  R  ^  L  L  L  r  r  r  >  R  ^  >  >  r  v  l  ^  L  <  
>  r  >  r  r  r  r  r  R  ^  ^  ^  L  r  r  r  >  R  ^  R  R  R  >  ^  <  L  ^  L  
r  >  R  r  r  r  >  r  >  ^  <  >  r  >  r  >  R  ^  R  R  R  R  R  ^  L  <  L  ^  
>  r  r  >  r  >  r  >  R  ^  L  R  >  r  r  r  v  >  r  R  R  R  R  R  ^  L  L  L  
r  >  >  r  >  r  >  R  r  v  v  l  R  r  r  r  r  v  >  r  R  ^  R  R  ^  L  L  <  
>  R  r  >  r  >  R  r  >  r  v  l  r  r  r  v  r  r  v  >  r  v  l  <  L  R  ^  L  
R  r  >  r  >  R  >  >  r  >  r  r  r  v  >  r  v  r  r  v  >  v  <  l  l  R  ^  ^  
r  >  r  >  R  >  r  >  >  r  >  r  >  >  r  >  r  r  >  >  R  ^  L  <  l  l  ^  ^  
>  r  >  R  >  r  >  R  r  r  r  >  R  ^  >  R  ^  >  R  ^  L  ^  L  L  <  <  <  ^  
>  >  R  >  R  >  R  >  >  >  >  R  ^  >  R  ^  >  R  ^  L  ^  L  ^  L  L  L  <  <  
Correct actions (%) : 7.32
Avg angular diffs   : 97.68
