task: 1  err: 79.4463895487 +- 0.956778960273
task: 2  err: 80.8579289941 +- 1.19119160142
task: 3  err: 81.3025961538 +- 0.890301250446
task: 4  err: 81.5710507246 +- 0.853049513773
